5757
2040
1392
4788
3882
1661
4137
3443
621
4885
2844
1015
1333
2219
5148
3897
5747
594
3062
5197
3596
1950
1814
2972
4956
2957
1972
3013
2467
4529
2474
1694
1581
15
4919
5210
1769
742
2627
4708
479
4185
4010
3634
4218
1593
5536
1985
1979
4576
4738
1511
458
5046
5479
4560
364
391
3474
1143
5456
1376
3114
2778
650
4453
672
1354
5406
1361
3365
2934
1506
1312
5609
3861
5750
2804
5140
2605
2658
3095
4654
1482
5486
239
1460
2647
2030
2261
3823
3757
1678
4965
3941
5200
513
5484
1357
5462
5287
3145
5585
3655
2247
42
452
1943
3963
343
1337
1345
2876
3153
1744
3989
1094
2650
779
306
461
1716
1516
590
2992
4508
4367
2109
3521
982
1763
5010
307
5071
220
3165
2628
2946
323
5170
5554
1026
5591
4512
4428
3435
404
4109
1253
3390
3063
5290
1089
2384
4881
442
4703
212
